image_width: 640
image_height: 480
camera_name: camera
camera_matrix:
  rows: 3
  cols: 3
  data:
  - 640.6252707719987
  - 0.0
  - 327.1574532801519
  - 0.0
  - 855.8830420520821
  - 223.1150702741604
  - 0.0
  - 0.0
  - 1.0
distortion_model: rational_polynomial
distortion_coefficients:
  rows: 1
  cols: 14
  data:
  - -10.463741908500333
  - 87.04801205516485
  - 0.0012229882065593874
  - 0.012004612145867469
  - -26.93081560536732
  - -10.626096436837575
  - 88.60073974968431
  - -38.394136511116784
  - 0.0
  - 0.0
  - 0.0
  - 0.0
  - 0.0
  - 0.0
rectification_matrix:
  rows: 3
  cols: 3
  data:
  - 1.0
  - 0.0
  - 0.0
  - 0.0
  - 1.0
  - 0.0
  - 0.0
  - 0.0
  - 1.0
projection_matrix:
  rows: 3
  cols: 4
  data:
  - 669.8584594726562
  - 0.0
  - 331.4980709849315
  - 0.0
  - 0.0
  - 900.4254760742188
  - 223.42376183231045
  - 0.0
  - 0.0
  - 0.0
  - 1.0
  - 0.0
rms_error: 0.4060739594830485
